3 4 7 1 0 6 2 8 5  
3 4 7 1 6 0 2 8 5  
3 4 7 1 6 0 2 8 5  
3 4 0 1 6 7 2 8 5  
3 4 0 1 6 7 2 8 5  
3 0 4 1 6 7 2 8 5  
3 0 4 1 6 7 2 8 5  
0 3 4 1 6 7 2 8 5  
0 3 4 1 6 7 2 8 5  
1 3 4 0 6 7 2 8 5  
1 3 4 0 6 7 2 8 5  
1 3 4 6 0 7 2 8 5  
1 3 4 6 0 7 2 8 5  
1 0 4 6 3 7 2 8 5  
1 0 4 6 3 7 2 8 5  
1 4 0 6 3 7 2 8 5  
1 4 0 6 3 7 2 8 5  
1 4 7 6 3 0 2 8 5  
1 4 7 6 3 0 2 8 5  
1 4 7 6 3 5 2 8 0  
1 4 7 6 3 5 2 8 0  
1 4 7 6 3 5 2 0 8  
1 4 7 6 3 5 2 0 8  
1 4 7 6 0 5 2 3 8  
1 4 7 6 0 5 2 3 8  
1 4 7 0 6 5 2 3 8  
1 4 7 0 6 5 2 3 8  
1 4 7 2 6 5 0 3 8  
1 4 7 2 6 5 0 3 8  
1 4 7 2 6 5 3 0 8  
1 4 7 2 6 5 3 0 8  
1 4 7 2 0 5 3 6 8  
1 4 7 2 0 5 3 6 8  
1 4 7 2 5 0 3 6 8  
1 4 7 2 5 0 3 6 8  
1 4 7 2 5 8 3 6 0  
